251
1 33 4 45 7 73 10 22 15 77 15 79 20 75 25 230 32 74 39 235 46 76
1 33 1 45 1 73 4 45 7 73 10 22 15 77 15 79 22 75 29 230 38 74 47 235 56 76
1 33 1 45 1 73 1 22 4 45 7 73 10 22 15 77 15 79 22 75 29 230 41 74 53 235 65 76
1 10 1 45 7 52 13 108 19 99 25 184 31 53 37 163 43 82 49 83
1 10 1 45 1 52 7 52 13 108 20 99 27 184 34 53 41 163 48 82 55 83
1 10 1 45 1 52 1 108 7 52 13 108 20 99 27 184 34 53 36 17 44 163 54 82 64 83
1 33 4 39 7 145 10 110 13 55 18 44 23 229 28 182 33 240 40 130 47 56
1 33 1 39 1 145 4 39 7 145 10 110 13 55 19 44 25 229 31 182 37 240 45 130 53 56
1 33 1 39 1 145 1 110 4 39 7 145 10 110 13 55 19 44 25 229 31 182 42 240 55 130 68 56
1 33 1 81
1 106 7 106
1 93 10 93 13 77 14 78 15 79 18 48 23 18 28 16 34 60 40 219
1 40 1 81
1 106 7 106
1 31 10 31 15 116 20 41 25 99 30 228 35 42 40 97
1 33 5 28 9 16 15 98 21 18 29 17 37 97 47 119
1 33 1 28 1 16 5 28 9 16 15 98 23 18 33 17 43 97 55 119
1 33 1 28 1 16 1 98 5 28 9 16 15 98 23 18 33 17 46 97 61 119
1 33 1 39 7 98 13 158 20 116 27 228 34 162
1 33 1 39 1 98 7 98 13 158 20 184 30 228 40 162
1 64 1 45 7 43 13 31 25 228 31 119 37 65 43 97
1 64 1 45 1 43 1 31 7 43 13 31 26 228 32 119 40 65 47 97
1 35 1 43 9 40 15 44 23 137 29 103 37 51 43 114
1 35 1 43 1 40 1 44 9 40 15 44 25 137 33 103 43 51 51 114
1 84 1 45 6 39 8 86 11 98 15 104 20 21 26 85 33 97 41 87 50 113
1 84 1 39 1 98 1 85
1 10 6 111 11 28 17 40 23 163 30 129 37 154 45 201
1 10 1 111 1 28 6 111 11 28 17 40 24 163 33 129 42 154 52 201
1 45 1 33 8 10 12 24 17 40 23 39 30 44 38 154
1 45 1 33 8 10 12 24 19 40 27 39 36 44 46 154
1 33 1 10 1 24 1 39 23 34
1 43 1 33 8 30 12 24 17 40 23 116 30 31 38 32
1 43 1 33 8 30 12 24 19 40 27 116 36 31 46 32
1 33 1 30 1 24 1 40 23 37
1 1 1 45 4 227 8 47 13 3 19 107 26 111 34 118 43 236 53 113
1 47 1 3 1 118 1 236
1 52 1 39 7 98 13 46 19 109 25 219 31 53 37 83
1 52 1 98 1 109 1 219 43 83
1 47 4 111 9 1 14 50 19 205 24 3 29 156 34 34 39 38
1 47 1 50 1 111 1 3
1 141 6 48 12 44 19 109 27 17 36 212 46 114
1 103 1 141 1 48 6 48 12 44 19 109 30 17 42 212 55 114
1 71 7 230 14 77 16 78 18 79 23 51 32 236 39 80
1 71 1 230 1 77 7 230 14 77 16 78 18 79 24 51 35 236 44 80
1 71 1 230 1 78 1 80
1 10 7 78 13 77 19 141 25 147 31 163 37 74 43 202
1 10 1 78 1 77 7 78 13 77 19 141 28 147 37 163 46 74 55 202
1 33 1 50 1 193 9 48 17 93 20 77 25 141 28 78 33 60 36 79 41 94
1 33 1 50 1 193 1 48 9 48 17 93 20 77 25 141 28 78 31 16 36 60 42 79 52 94
1 10 5 45 9 222 17 91 25 28 33 163 41 89 49 90
1 10 1 45 1 222 5 45 9 222 17 91 25 28 37 163 49 89 61 90
1 10 1 45 11 44 20 6 28 185 35 103 41 154 46 163
1 10 1 45 1 44 11 44 20 6 29 185 38 103 46 154 53 163
1 10 5 39 10 50 16 93 23 103 31 244 40 154 50 56
1 10 1 39 1 50 1 93 5 39 10 50 16 93 23 103 31 244 44 154 58 56
1 10 1 43 9 67 15 2 21 154 27 116 33 69 39 238 45 103 51 37
1 10 1 43 1 67 1 99 9 67 15 2 21 154 27 116 28 99 36 69 45 238 54 103 63 37
1 44 1 46 9 52 18 43 26 36 34 172 42 97 50 53
1 46 1 43 1 36 1 172 50 245
1 145 7 95 13 55 19 3 25 240 31 34 37 187 43 56
1 145 1 95 1 55 7 95 13 55 19 3 27 240 35 34 43 187 51 56
1 55 1 95 1 3 1 66 35 66 51 170
1 100
1 100 1 134 1 93 16 93 18 50 21 60 26 105 31 248 38 94 45 115
1 100 1 134 1 93 16 93 18 50 21 60 26 105 31 248 38 94 45 115
1 67 1 43 7 116 13 2 19 69 25 193 31 233 37 238 43 184 49 66
1 67 1 43 1 116 8 116 15 2 19 69 25 193 34 233 43 238 52 184 61 66
1 67 1 43 1 116 8 116 15 2 19 69 25 193 34 233 43 238 52 184 61 66
1 22 6 74 11 35 15 79 17 77 19 78 23 51 30 230 37 75 45 21
1 22 1 74 1 35 6 74 11 35 15 79 17 77 19 78 24 51 33 230 42 75 54 21
1 22 1 79 1 230 1 75
1 40 6 48 12 132 19 51 25 61 30 35 36 112 43 103 49 56
1 40 1 48 1 132 6 48 12 132 19 51 25 61 30 35 38 112 47 103 55 56
1 33 6 111 11 88 16 222 21 120 26 106 31 205 36 89 41 153
1 33 1 111 1 88 6 111 11 88 16 222 21 120 27 106 34 205 41 89 48 153
1 33 1 111 1 88 1 222 6 111 11 88 16 222 21 120 27 106 34 205 41 89 48 153
1 33 4 45 8 39 13 52 19 23 26 83 34 36 43 97 53 126
1 33 1 45 1 39 1 52 4 45 8 39 13 52 19 23 26 83 34 36 40 31 47 97 61 126
1 174 1 33 6 45 15 55 20 93 29 50 34 29 43 133 48 94
1 174 1 33 1 45 1 55 6 45 15 55 20 93 29 50 34 29 37 110 46 133 54 94
1 33 6 84 11 48 16 49 21 86 27 199 33 129 39 103 45 192
1 33 1 84 1 48 1 49 6 84 11 48 16 49 21 86 27 199 35 129 43 103 53 192
1 64 7 28 13 43 19 31 25 14 31 97 37 163 44 206
1 64 1 45 9 228 13 31 21 161 25 99 33 65 37 97
1 64 1 45 1 228 1 31 9 228 13 31 21 161 25 99 38 65 47 97
1 29 5 45 16 62 21 156 32 36 37 58 48 219
1 29 1 45 1 62 5 45 16 62 21 156 32 36 43 58 60 219
1 139 1 1 5 106 10 50 16 124 23 107 31 103 40 151 50 188
1 139 1 1 1 106 33 106 37 50 45 124 23 107 31 103 45 151 60 188
1 33 1 110 9 48 17 62 25 182 33 43 41 128 49 58
1 110 1 48 1 62 1 182 41 131
1 95 1 122 8 180 13 212 16 174 21 101 28 109 33 138 36 194
1 95 1 122 1 180 8 180 13 212 16 174 21 101 31 109 39 138 48 194
1 95 1 122 1 180 8 180 13 212 16 174 21 101 31 109 39 138 48 194
1 33 1 103 10 20 14 88 23 106 27 99 36 201 40 21
1 1 1 95 10 50 18 93 25 29 31 139 36 96 40 94 43 244 45 248
1 1 1 95 1 50 1 93 10 50 18 93 25 29 33 139 40 96 49 94 55 244 60 248
1 145 5 43 12 11 16 106 23 23 27 12 34 182 41 152
1 145 1 43 1 11 5 43 12 11 16 106 23 23 27 12 38 182 49 152
1 33 9 103 17 49 23 120 29 205 33 113 37 129 39 153 41 243
1 33 1 103 1 49 1 120 9 103 17 49 23 120 29 205 34 113 40 129 44 153 48 243
1 140 1 95 7 115 13 73 19 93 25 78 31 77 37 79 43 76
1 140 1 95 1 93 19 23 31 121
1 45 5 39 9 125 13 29 17 43 21 116 25 155 29 99 33 206 37 37 41 198
1 45 1 39 1 125 1 29 5 39 9 125 13 29 17 43 21 116 25 155 32 99 39 206 46 37 53 198
1 24 6 96 11 27 16 26 21 116 26 136 31 170 36 193 41 203 46 25 51 179
1 4 7 97 13 228 26 9 26 8 26 7 32 183 38 5 44 197 50 68
1 122 7 48 13 111 19 23 25 35 31 50 37 21 43 103
1 139 1 33 9 123 17 120 21 124 25 108 33 114 41 153 45 194
1 139 1 33 1 123 1 120 9 123 17 120 21 124 25 108 33 114 44 153 51 194
1 30 1 39 13 23 19 31 31 184 37 32 49 36 55 89
1 30 1 39 1 23 1 31 13 23 19 31 31 184 37 32 54 36 65 89
1 1 5 45 9 39 13 135 17 3 23 107 29 47 35 121 41 111 49 113 57 38
1 132 4 79 10 71 13 77 19 22 25 20 31 72 34 78 40 21 46 74
1 4 7 43 13 44 19 39 25 5 31 99 37 203 43 146 49 179
1 145 8 108 15 43 22 55 29 239 36 97 43 56
1 145 1 108 1 43 1 55 8 108 15 43 22 55 29 239 40 97 51 56
1 64 1 39 10 48 15 30 24 175 29 31 38 127 43 32 52 97
1 64 1 39 1 39 10 48 15 30 24 175 29 31 41 127 49 32 61 97
1 33 1 106 7 55 13 229 19 105 25 129 31 61 37 107 43 113 50 56
1 33 1 229 1 105 1 61 37 109
1 112 6 93 11 164 16 96 21 3 26 113 26 115 31 227 36 60 41 226 46 219
1 98 1 43 6 116 12 228 18 206 24 97 30 17 36 163 42 14 48 104
1 1 1 122 1 142 1 181 9 142 13 181 21 3 25 8 35 212 41 34 51 195 57 59
1 98 1 43 1 9 9 9 17 113 25 129 36 103 47 85 58 87
1 52 1 43 1 123 1 7 7 43 13 123 19 7 25 108 33 241 41 53 49 109 57 126
1 11 7 116 13 20 19 69 25 106 31 12 37 66 43 14
1 33 4 39 8 99 13 30 19 184 26 228 34 156 43 37 53 36
1 150 15 33 30 175
1 37 20 44 25 82 30 43 35 239 40 56 45 240 50 63
1 55 1 45 1 47 8 54 15 34 22 109 29 195 36 58 43 240 50 219 57 56
1 144
1 33 1 39 8 28 16 45 23 98 30 44 36 116 42 36
1 33 1 39 8 28 16 55 23 98 30 44 36 62 42 114 47 151 52 56
1 33 1 39 8 28 16 84 23 98 30 24 36 42 42 86 47 97 52 87
1 33 1 39 8 28 16 52 23 98 30 44 36 83 42 123 47 43 52 53
1 176 1 33 1 160 9 97 12 60 20 105 24 159 32 199 36 161 44 192
1 132 1 110 13 44 19 55 31 43 37 182 49 246 55 56
1 132 1 110 1 44 13 44 19 55 31 43 37 182 40 131 54 246 65 56
1 10 1 106 10 71 19 43 28 28 37 203 46 72 55 246
1 10 1 106 1 71 10 71 19 43 28 28 37 203 40 163 51 72 65 246
1 17 8 97 15 44 22 48 29 246 36 184 43 36 50 63
1 33 8 133 15 111 22 187 29 29 36 173 36 156 43 34 50 205 57 63
1 16 1 181 13 54 25 97 37 170 49 58 61 115 73 59
1 64 1 84 13 86 25 97 37 197 49 65 61 113 73 87
1 17 1 52 13 83 25 97 37 203 49 53 61 219 73 143
1 35 1 43 8 86 15 239 22 82 29 21 36 97 43 219 50 200 57 63
1 35 1 43 1 86 1 239 8 86 15 239 22 82 29 21 38 97 47 219 56 200 65 63
1 35 1 43 1 86 1 239 8 86 15 239 22 82 29 21 38 97 47 219 55 17 61 200 75 63
1 93 1 50 11 112 22 129 33 244 44 248 55 54 66 94 77 133 88 105 99 219
1 1 10 144 20 5 30 118 40 94 50 246
1 33 1 45 8 75 12 115 15 77 22 235 29 34 36 113 43 219 50 76
1 33 1 45 1 75 1 115 8 75 12 115 15 77 23 235 31 34 39 113 47 219 55 76
1 33 1 45 1 75 1 115 8 75 12 115 15 77 23 235 31 34 41 113 51 219 61 76
1 33 1 43 6 108 12 52 19 98 27 172 36 129 46 53
1 33 1 43 1 108 6 108 12 52 21 98 31 172 42 129 54 53
1 33 1 43 1 108 1 52 6 108 12 52 21 98 31 172 45 129 60 53
1 10 1 43 7 99 13 55 20 44 27 184 35 163 43 103 52 56
1 10 1 43 1 99 7 99 13 55 21 44 28 184 37 163 45 103 55 56
1 10 1 43 1 99 1 55 7 99 13 55 21 44 28 184 38 163 47 103 58 56
1 33 5 111 11 98 17 154 25 21 33 156 41 133
1 10 1 111 1 98 5 111 11 98 18 154 28 21 38 156 48 133
1 33 1 45 6 193 11 64 16 95 22 115 28 36 34 93 48 138
1 33 1 45 1 193 1 64 6 193 11 64 16 95 25 115 33 36 41 93 57 138
1 33 8 48 15 4 22 113 22 115 22 219 29 226 36 129 43 97 50 38
1 33 1 48 8 48 15 4 24 113 24 115 24 219 33 226 42 129 51 97 60 38
1 40 1 81 6 184 11 132 17 101 23 141 30 154 37 169 45 103 53 94
1 40 1 81 1 184 1 132 6 184 11 132 17 101 25 141 34 154 43 169 53 103 63 94
1 103 1 141 1 48 6 48 12 44 19 109 30 17 42 212 55 114
1 145 1 86 5 48 13 175 17 55 25 209 29 109 37 36 41 56
1 145 1 86 1 48 5 48 13 175 17 55 25 209 33 109 45 36 53 56
1 84 1 204 6 39 8 86 11 186
1 1 1 204 4 227 8 47 13 186
1 47 1 204 4 111 9 1 14 186
1 45 1 204 7 118 18 186 25 227 31 219 38 38
1 45 1 204 7 118 18 186 25 227 31 219 38 38
1 64 1 43 10 101 20 100 30 248 40 109 50 94
1 64 1 43 1 101 10 101 20 100 35 248 50 109 65 94
1 33 1 45 9 84 16 86 23 178 30 113 37 87
1 33 1 45 1 84 9 84 18 86 27 178 36 113 45 87
1 33 1 45 1 84 1 86 9 84 18 86 27 178 30 9 42 113 57 87
1 71 1 230 1 78 1 80 55 76
1 33 3 111 6 39 10 55 15 205 21 61 28 38 36 240
1 33 1 111 1 39 1 55 3 111 6 39 10 55 15 205 25 61 36 38 48 240
1 88 1 102 10 175 19 67 28 157 37 185 46 21
1 55 1 95 1 3 1 195 35 195 51 207
1 150 1 235 5 39 10 33 13 77 15 78 17 79 20 73 25 178 30 72
1 150 1 235 1 39 1 33 5 39 10 33 13 77 15 78 17 79 22 73 29 178 36 72
1 150 1 235 1 39 1 33 5 39 10 33 13 77 15 78 17 79 22 73 33 178 44 72
1 10 1 39 6 28 12 226 19 154 27 129 36 103 46 97
1 71 4 74 10 72 19 241 31 235 46 202
1 71 1 1 4 74 10 75 19 241 31 80 46 76
1 33 1 193 7 98 13 104 19 49 25 197 31 48 37 129 43 103
1 55 1 39 11 21 21 133 31 89 41 240 51 54 51 114
1 55 1 39 11 21 23 133 35 89 47 240 59 54 59 114
1 33 1 39 8 28 16 93 23 98 30 129 36 60 42 244 47 94 52 234
1 33 1 39 8 28 16 228 23 98 30 109 36 185 42 212 47 103 52 236
1 64 11 228 16 114 26 101 31 185 41 212
1 174 1 33 6 45 15 55 20 93 29 50 34 29 43 207 48 94
1 45 1 149 6 180 12 109 19 212 27 60 36 220 46 195
1 237
1 68 1 243 1 219 1 194
1 33 1 45 1 93 1 23 7 93 13 23 20 97 30 226 41 60 54 242
1 33 1 182 8 120 15 36 22 229 29 117 36 153 43 191 50 38
1 33 1 182 1 120 8 120 15 36 22 229 29 117 39 153 49 191 59 38
1 99 5 111 13 137 18 180 26 228 30 103 38 36
1 40 6 28 13 106 20 98 28 185 36 163 44 103 52 12
1 33 1 103 10 20 14 88 23 106 27 99 36 201 40 21 49 242
1 33 1 184 4 39 8 204 13 44 19 122 26 46 34 99 43 36
1 33 1 184 4 39 8 204 13 44 19 122 28 46 38 99 51 36
1 33 1 40 10 106 10 107 19 55 28 42 37 36 46 56
1 98 1 43 6 116 12 228 18 206 24 97 30 232 36 163 42 14 48 104
1 132 1 110 9 35 14 227 23 219 28 117 37 156
1 33 1 43 6 30 12 203 19 31 27 68 35 36 44 179 54 224
1 10 1 43 9 98 17 103 25 185 33 154 41 97 49 163 57 251
1 10 1 43 8 122 15 154 22 185 29 156 36 163 43 173 50 37
1 10 1 43 1 122 1 154 8 122 15 154 22 185 29 156 39 163 49 173 59 37
1 123 8 52 15 88 22 106 29 133 36 53 43 157 50 34
1 123 1 52 1 88 8 52 15 88 22 106 29 133 36 53 48 157 60 34
1 33 10 181 19 203 28 36 37 54 46 59
1 30 1 181 1 203 10 181 19 203 28 36 33 31 42 54 56 59
1 33 7 106 13 145 19 105 25 61 31 131 37 243 43 246
1 55 11 199 22 60 22 62 22 61 33 116 44 58 55 63
1 55 11 132 22 60 22 62 22 61 25 190 38 116 54 58 70 63
1 217
1 33 1 145 10 48 18 61 25 36 32 97 40 17 49 109
1 43 1 64 13 28 19 129 25 97 37 31 49 211
1 43 1 52 7 46 13 123 20 44 27 185 35 53 43 242
1 43 1 52 7 46 13 123 20 44 30 185 41 53 52 242
1 145 1 108 1 43 1 55 8 108 15 43 22 55 29 239 40 97 51 56
1 33 1 45 9 111 17 175 25 36 33 205 41 203 49 38
1 30 1 45 9 111 17 175 25 31 33 205 41 229 49 89
1 176 1 33 1 160 9 97 12 60 20 105 24 111 32 199 36 161 44 192
1 33 8 43 15 95 23 23 31 28 40 36 49 109
1 166 11 166 21 166 31 166 41 166 51 166 61 166 71 166 81 166 91 166
1 33
1 27 7 116 13 228 19 98 25 229 31 68 37 97 43 197 49 167
1 1 1 122 9 186 13 181 21 93 25 47 33 212 37 94 45 195 49 59
1 98 1 43 9 9 17 113 25 129 33 103 41 85 49 87
1 52 7 43 13 123 19 7 25 108 31 241 37 53 43 109 49 126
1 33 4 45 8 111 13 23 19 208 26 117 34 205 43 34 53 215
1 1 4 45 7 39 10 135 13 3 18 107 23 47 28 121 33 111 40 113 47 38
1 44 1 43 11 84 21 46 31 98 41 209 51 115 61 242 71 87
1 44 1 43 11 52 21 46 31 83 41 23 51 53 61 207 71 126
1 44 1 43 11 55 21 46 31 16 41 61 51 54 61 243 71 56
1 44 1 43 8 201 15 103 22 157 29 37 36 184 43 242 50 89 57 63
1 44 1 43 1 201 1 103 8 201 15 103 22 157 29 37 38 184 47 242 56 89 65 63
1 44 1 43 1 201 1 103 8 201 15 103 22 157 29 37 38 184 47 242 61 89 75 63
1 177 11 219 22 16 33 105 44 56 55 240 66 129 77 18 88 246 99 248
1 221 11 219 22 16 33 105 44 126 55 241 66 129 77 18 88 246 99 248
1 73 1 93 1 105 1 215 10 219 20 246 30 248 40 226 50 195
